1.200000000000000000e+01
1.102040816326530503e+01
1.008163265306122547e+01
9.183673469387755972e+00
8.326530612244898322e+00
7.510204081632654294e+00
6.734693877551020336e+00
6.000000000000000000e+00
5.306122448979592399e+00
4.653061224489796643e+00
4.040816326530613622e+00
3.469387755102040671e+00
2.938775510204082231e+00
2.448979591836735192e+00
2.000000000000000000e+00
1.591836734693877764e+00
1.224489795918367596e+00
8.979591836734697186e-01
6.122448979591841312e-01
3.673469387755106119e-01
1.632653061224496049e-01
0.000000000000000000e+00
-1.224489795918364266e-01
-2.040816326530610070e-01
-2.448979591836728531e-01
-2.448979591836732972e-01
-2.040816326530618952e-01
-1.224489795918368706e-01
0.000000000000000000e+00
1.632653061224482727e-01
3.673469387755101678e-01
6.122448979591821328e-01
8.979591836734686083e-01
1.224489795918368706e+00
1.591836734693877986e+00
2.000000000000000000e+00
2.448979591836733860e+00
2.938775510204079566e+00
3.469387755102037119e+00
4.040816326530611846e+00
4.653061224489793091e+00
5.306122448979591510e+00
6.000000000000000000e+00
6.734693877551016783e+00
7.510204081632650741e+00
8.326530612244894769e+00
9.183673469387754196e+00
1.008163265306121836e+01
1.102040816326530503e+01
1.200000000000000000e+01
